0.00282666666667
0.00330666666667
0.00368
0.00241333333333
0.00397333333333
0.00385333333333
0.00358666666667
0.00496
0.00482666666667
0.00330666666667
0.0038
0.0026
0.00342666666667
0.00341333333333
0.0024
0.00308
0.00457333333333
0.00306666666667
0.00389333333333
0.00389333333333
0.00449333333333
0.00232
0.00318666666667
0.00502666666667
0.00513333333333
0.00234666666667
0.00266666666667
0.00364
0.00384
0.02784
0.00442666666667
0.00370666666667
0.00309333333333
0.00410666666667
0.00341333333333
0.00342666666667
0.00221333333333
0.00381333333333
0.00336
0.00316
0.00226666666667
0.00222666666667
0.00390666666667
0.00378666666667
0.00338666666667
0.0032
0.00389333333333
0.00342666666667
0.00388
0.00390666666667
0.00258666666667
0.00302666666667
0.02772
0.00296
0.00370666666667
0.00453333333333
0.00225333333333
0.00361333333333
0.00338666666667
0.00229333333333
0.00482666666667
0.00296
0.00326666666667
0.00313333333333
0.00424
0.00294666666667
0.00345333333333
0.00377333333333
0.00444
0.00346666666667
0.00390666666667
0.00216
0.00318666666667
0.00434666666667
0.00289333333333
0.00332
0.00290666666667
0.00276
0.00344
0.00349333333333
0.00337333333333
0.00373333333333
0.00482666666667
0.00334666666667
0.00413333333333
0.00358666666667
0.00293333333333
0.0026
0.00357333333333
0.0353733333333
0.00545333333333
0.00449333333333
0.0431466666667
0.00385333333333
0.00365333333333
0.0036
0.00270666666667
0.00374666666667
0.00516
0.00456
0.00374666666667
0.00252
0.00322666666667
0.00505333333333
0.00266666666667
0.00306666666667
0.00345333333333
0.00310666666667
0.00461333333333
0.00324
0.00334666666667
0.00464
0.00292
0.00425333333333
0.00276
0.00404
0.00236
0.00370666666667
0.00325333333333
0.00381333333333
0.00490666666667
0.00352
0.003
0.00365333333333
0.00448
0.00490666666667
0.00304
0.00353333333333
0.00364
0.00424
0.00261333333333
0.00405333333333
0.00316
0.00305333333333
0.00490666666667
0.00362666666667
0.00206666666667
0.00393333333333
0.00462666666667
0.00344
0.00302666666667
0.00225333333333
0.00449333333333
0.00352
0.00276
0.0036
0.00313333333333
0.0034
0.00301333333333
0.0228933333333
0.0052
0.00373333333333
0.0026
0.00226666666667
0.0036
0.00290666666667
0.00456
0.00277333333333
0.00338666666667
0.00244
0.00277333333333
0.00498666666667
0.0048
0.00374666666667
0.00430666666667
0.00517333333333
0.00316
0.00336
0.00432
0.00332
0.00376
0.00334666666667
0.00257333333333
0.00406666666667
0.00416
0.0032
0.00258666666667
0.0026
0.00346666666667
0.00376
0.00274666666667
0.00249333333333
0.0052
0.00278666666667
0.00458666666667
0.00397333333333
0.00329333333333
0.00322666666667
0.00317333333333
0.00341333333333
0.00318666666667
0.00286666666667
0.00494666666667
0.00382666666667
0.00345333333333
0.00232
0.00536
0.00421333333333
0.00458666666667
0.00316
0.04392
0.00298666666667
0.00324
0.00441333333333
0.00308
0.00278666666667
0.00248
0.00301333333333
0.00528
0.00312
0.00257333333333
0.00396
0.00286666666667
0.00258666666667
0.00294666666667
0.00241333333333
0.00242666666667
0.00378666666667
0.02848
0.00284
0.00346666666667
0.00398666666667
0.003
0.00232
0.00349333333333
0.00534666666667
0.00272
0.00244
0.0044
0.00344
0.00369333333333
0.00366666666667
0.00369333333333
0.00465333333333
0.00333333333333
0.00272
0.0028
0.00329333333333
0.00312
0.00446666666667
0.00369333333333
0.0036
0.0044
0.00297333333333
0.00374666666667
0.00361333333333
0.00305333333333
0.00269333333333
0.00214666666667
0.00318666666667
0.00468
0.00408
0.00282666666667
0.00405333333333
0.0430666666667
0.00248
0.00257333333333
0.00228
0.00253333333333
0.00258666666667
0.00284
0.00372
0.00317333333333
0.00248
0.00517333333333
0.00310666666667
0.00506666666667
0.00522666666667
0.00342666666667
0.00336
0.00372
0.00429333333333
0.00258666666667
0.00457333333333
0.00250666666667
0.00349333333333
0.00250666666667
0.00416
0.04404
0.00450666666667
0.03504
0.00301333333333
0.00278666666667
0.00245333333333
0.00450666666667
0.00305333333333
0.00416
0.00504
0.00202666666667
0.00194666666667
0.00564
0.00324
0.00445333333333
0.00277333333333
0.0294666666667
0.00353333333333
0.00285333333333
0.00394666666667
0.00237333333333
0.00425333333333
0.00366666666667
0.00392
0.00312
0.00474666666667
0.00397333333333
0.00296
0.00328
0.00472
0.00398666666667
0.00349333333333
0.00458666666667
0.00378666666667
0.00382666666667
0.00384
0.00385333333333
0.00213333333333
0.00524
0.00246666666667
0.0026
0.0034
0.00296
0.00414666666667
0.00348
0.00325333333333
0.0054
0.00414666666667
0.00485333333333
0.0062
0.00245333333333
0.00364
0.00337333333333
0.00294666666667
0.004
0.00304
0.00337333333333
0.00330666666667
0.00408
0.00413333333333
0.00404
0.00478666666667
0.00268
0.00228
0.00270666666667
0.00501333333333
0.00325333333333
0.00386666666667
0.00373333333333
0.00329333333333
0.00277333333333
0.00225333333333
0.00377333333333
0.02308
0.00225333333333
0.03596
0.00252
0.00358666666667
0.00385333333333
0.00348
0.00318666666667
0.00461333333333
0.00430666666667
0.00366666666667
0.00336
0.00561333333333
0.00385333333333
0.00270666666667
0.00256
0.0048
0.00450666666667
0.00306666666667
0.00393333333333
0.00410666666667
0.00406666666667
0.0034
0.00337333333333
0.0231466666667
0.00288
0.00356
0.00241333333333
0.00509333333333
0.00318666666667
0.00217333333333
0.00469333333333
0.00366666666667
0.00289333333333
0.00256
0.00329333333333
0.00452
0.00366666666667
0.00465333333333
0.00261333333333
0.00382666666667
0.00328
0.00321333333333
0.00318666666667
0.00264
0.00232
0.00496
0.00530666666667
0.00426666666667
0.00274666666667
0.003
0.00437333333333
0.00258666666667
0.00386666666667
0.00293333333333
0.00448
0.02856
0.00405333333333
0.00312
0.00372
0.00524
0.00406666666667
0.00308
0.00525333333333
0.00406666666667
0.00364
0.03712
0.00382666666667
0.00314666666667
0.00424
0.00316
0.0278533333333
0.00496
0.0026
0.004
0.0024
0.00326666666667
0.00322666666667
0.00414666666667
0.00337333333333
0.00488
0.00356
0.00432
0.00310666666667
0.00429333333333
0.0038
0.00552
0.00353333333333
0.00253333333333
0.00437333333333
0.00433333333333
0.003
0.00378666666667
0.00497333333333
0.00402666666667
0.00261333333333
0.00258666666667
0.00350666666667
0.00332
0.00292
0.00402666666667
0.03524
0.00222666666667
0.00306666666667
0.00297333333333
0.004
0.00312
0.00389333333333
0.00406666666667
0.00302666666667
0.004
0.00229333333333
0.00425333333333
0.00266666666667
0.00436
0.00233333333333
0.00246666666667
0.00365333333333
0.00296
0.00325333333333
0.00289333333333
0.00246666666667
0.00404
0.00262666666667
0.00288
0.00322666666667
0.00305333333333
0.00244
0.00304
0.00269333333333
0.00442666666667
0.00393333333333
0.00445333333333
0.00389333333333
0.00384
0.00304
0.00348
0.00322666666667
0.00349333333333
0.00269333333333
0.00353333333333
0.00294666666667
0.00254666666667
0.00316
0.00248
0.0038
0.00326666666667
0.00242666666667
0.00430666666667
0.00313333333333
0.00446666666667
0.00262666666667
0.00408
0.00324
0.0036
0.0032
0.00382666666667
0.00402666666667
0.00469333333333
0.00401333333333
0.00313333333333
0.00382666666667
0.0036
0.00569333333333
0.00212
0.00416
0.00418666666667
0.00234666666667
0.00365333333333
0.00385333333333
0.00377333333333
0.00406666666667
0.0034
0.00574666666667
0.00334666666667
0.00381333333333
0.00292
0.00417333333333
0.00254666666667
0.00508
0.00381333333333
0.00217333333333
0.00558666666667
0.004
0.00454666666667
0.00309333333333
0.03156
0.00276
0.00297333333333
0.00365333333333
0.00429333333333
0.00336
0.00265333333333
0.00338666666667
0.00289333333333
0.00329333333333
0.00370666666667
0.00364
0.00373333333333
0.00322666666667
0.00297333333333
0.00438666666667
0.00296
0.00262666666667
0.00397333333333
0.00288
0.00473333333333
0.00393333333333
0.00344
0.00265333333333
0.00352
0.00304
0.00316
0.00477333333333
0.00338666666667
0.00341333333333
0.00266666666667
0.00368
0.00256
0.00292
0.00453333333333
0.00386666666667
0.00386666666667
0.00450666666667
0.00257333333333
0.0034
0.00352
0.00324
0.00316
0.00389333333333
0.00293333333333
0.0028
0.00341333333333
0.00282666666667
0.00414666666667
0.00338666666667
0.00384
0.00354666666667
0.00405333333333
0.00246666666667
0.00365333333333
0.00258666666667
0.0036
0.00309333333333
0.00393333333333
0.00538666666667
0.00570666666667
0.00228
0.00432
0.00309333333333
0.00386666666667
0.00425333333333
0.00338666666667
0.00474666666667
0.00385333333333
0.00329333333333
0.00410666666667
0.00242666666667
0.00313333333333
0.00476
0.00430666666667
0.00314666666667
0.00404
0.00362666666667
0.00284
0.00305333333333
0.00389333333333
0.00377333333333
0.00456
0.003
0.00434666666667
0.00357333333333
0.00284
0.00364
0.00438666666667
0.00372
0.00348
0.00274666666667
0.00272
0.00233333333333
0.004
0.00329333333333
0.00241333333333
0.00512
0.00273333333333
0.00382666666667
0.03668
0.00369333333333
0.00348
0.00477333333333
0.00273333333333
0.00229333333333
0.00413333333333
0.00253333333333
0.00342666666667
0.0028
0.00370666666667
0.0368533333333
0.00373333333333
0.00292
0.00418666666667
0.00262666666667
0.00353333333333
0.00356
0.00237333333333
0.0036
0.00332
0.00394666666667
0.00388
0.00302666666667
0.00518666666667
0.00414666666667
0.00298666666667
0.00516
0.00321333333333
0.00262666666667
0.00226666666667
0.00236
0.00321333333333
0.00510666666667
0.00565333333333
0.00342666666667
0.00278666666667
0.00329333333333
0.00392
0.00358666666667
0.00332
0.00465333333333
0.00348
0.00566666666667
0.00373333333333
0.00224
0.00294666666667
0.00253333333333
0.00362666666667
0.00405333333333
0.00262666666667
0.00316
0.00358666666667
0.0038
0.00298666666667
0.00257333333333
0.00337333333333
0.00262666666667
0.00482666666667
0.00250666666667
0.00278666666667
0.00384
0.00270666666667
0.00485333333333
0.0028
0.00229333333333
0.00349333333333
0.00285333333333
0.00470666666667
0.0044
0.00376
0.00353333333333
0.00278666666667
0.00333333333333
0.00301333333333
0.0355333333333
0.00474666666667
0.00242666666667
0.00250666666667
0.0378133333333
0.00289333333333
0.00289333333333
0.00228
0.00270666666667
0.00386666666667
0.00578666666667
0.00336
0.00309333333333
0.02784
0.00426666666667
0.00218666666667
0.00253333333333
0.00370666666667
0.00432
0.00348
0.00361333333333
0.00244
0.00433333333333
0.00330666666667
0.00264
0.00332
0.00274666666667
0.00390666666667
0.00374666666667
0.0433733333333
0.0042
0.00294666666667
0.00490666666667
0.00342666666667
0.00316
0.00473333333333
0.00310666666667
0.00528
0.00332
0.00338666666667
0.00273333333333
0.00466666666667
0.00306666666667
0.00354666666667
0.00276
0.00414666666667
0.00321333333333
0.00406666666667
0.00457333333333
0.00257333333333
0.00365333333333
0.00476
0.00332
0.00310666666667
0.00250666666667
0.00374666666667
0.00254666666667
0.00250666666667
0.0026
0.00374666666667
0.00458666666667
0.00290666666667
0.00445333333333
0.00308
0.0024
0.00409333333333
0.00265333333333
0.0435066666667
0.00358666666667
0.00449333333333
0.00389333333333
0.00392
0.00384
0.00358666666667
0.0364266666667
0.00404
0.00326666666667
0.0310266666667
0.00405333333333
0.00284
0.00450666666667
0.00358666666667
0.00290666666667
0.00264
0.00294666666667
0.00478666666667
0.0026
0.00253333333333
0.00272
0.00250666666667
0.00342666666667
0.00338666666667
0.00433333333333
0.00322666666667
0.00302666666667
0.00469333333333
0.00310666666667
0.00410666666667
0.00352
0.00268
0.00333333333333
0.00278666666667
0.00334666666667
0.00353333333333
0.0231333333333
0.00208
0.00238666666667
0.00373333333333
0.00256
0.00405333333333
0.00256
0.00330666666667
0.03092
0.00233333333333
0.00389333333333
0.00465333333333
0.00336
0.00396
0.00288
0.00270666666667
0.00414666666667
0.00444
0.00357333333333
0.00453333333333
0.00444
0.00354666666667
0.0430266666667
0.00304
0.00396
0.00277333333333
0.00261333333333
0.00304
0.00409333333333
0.0530933333333
0.00193333333333
0.00312
0.00466666666667
0.00322666666667
0.00356
0.00261333333333
0.00334666666667
0.00550666666667
0.0038
0.0278266666667
0.0042
0.0042
0.00417333333333
0.00410666666667
0.00261333333333
0.00490666666667
0.00317333333333
0.00442666666667
0.00296
0.00304
0.00356
0.00397333333333
0.00445333333333
0.00434666666667
0.00365333333333
0.00369333333333
0.00272
0.00368
0.00449333333333
0.00284
0.00362666666667
0.00261333333333
0.00264
0.00441333333333
0.00365333333333
0.00276
0.00356
0.00441333333333
0.00437333333333
0.00258666666667
0.00272
0.00276
0.00341333333333
0.00406666666667
0.00322666666667
0.00346666666667
0.00432
0.00392
0.00392
0.00369333333333
0.00368
0.00426666666667
0.00562666666667
0.00457333333333
0.0026
0.05092
0.00282666666667
0.00238666666667
0.00356
0.00253333333333
0.00346666666667
0.00330666666667
0.00417333333333
0.00321333333333
0.00290666666667
0.00484
0.00310666666667
0.00466666666667
0.00338666666667
0.00384
0.00386666666667
0.00509333333333
0.00412
0.00346666666667
0.0024
0.0032
0.00373333333333
0.00298666666667
0.00488
0.00562666666667
0.00314666666667
0.00354666666667
0.00374666666667
0.00282666666667
0.00249333333333
0.00296
0.00409333333333
0.00309333333333
0.00272
0.00286666666667
0.00384
0.00368
0.0278266666667
0.00384
0.00410666666667
0.00354666666667
0.00472
0.00258666666667
0.00344
0.00264
0.00397333333333
0.00441333333333
0.00285333333333
0.00252
0.00425333333333
0.00266666666667
0.00405333333333
0.00362666666667
0.00377333333333
0.00457333333333
0.00436
0.00418666666667
0.00488
0.00374666666667
0.00409333333333
0.00225333333333
0.00413333333333
0.00464
0.00272
0.00264
0.00264
0.02292
0.00373333333333
0.00321333333333
0.00258666666667
0.00333333333333
0.00386666666667
0.00374666666667
0.00273333333333
0.00524
0.00237333333333
0.00509333333333
0.00458666666667
0.00352
0.00398666666667
0.00348
0.00438666666667
0.00442666666667
0.00392
0.00421333333333
0.00396
0.00313333333333
0.00266666666667
0.00398666666667
0.00209333333333
0.00338666666667
0.00302666666667
0.00381333333333
0.00406666666667
0.00318666666667
0.00357333333333
0.00506666666667
0.004
0.00428
0.00317333333333
0.004
0.00434666666667
0.00262666666667
0.00378666666667
0.00344
0.00306666666667
0.00442666666667
0.00242666666667
0.00484
0.00289333333333
0.00321333333333
0.00461333333333
0.00392
0.00284
0.00512
0.00553333333333
0.00457333333333
0.00313333333333
0.00356
0.00264
0.00321333333333
0.00404
0.00276
0.00297333333333
0.00404
0.004
0.00274666666667
0.00374666666667
0.00238666666667
0.00394666666667
0.00286666666667
0.00434666666667
0.00328
0.00324
0.00392
0.00330666666667
0.00434666666667
0.00290666666667
0.00298666666667
0.00361333333333
0.00382666666667
0.00293333333333
0.00242666666667
0.00230666666667
0.00442666666667
0.00252
0.00612
0.00398666666667
0.00341333333333
0.00436
0.00317333333333
0.00253333333333
0.00348
0.00237333333333
0.00344
0.00350666666667
0.00229333333333
0.00396
0.00445333333333
0.00286666666667
0.00285333333333
0.0278933333333
0.00289333333333
0.00373333333333
0.00385333333333
0.00366666666667
0.00322666666667
0.00354666666667
0.00328
0.00394666666667
0.00246666666667
0.00290666666667
0.00296
0.0044
0.003
0.00553333333333
0.00478666666667
0.00390666666667
0.00393333333333
0.00346666666667
0.00377333333333
0.00337333333333
0.00312
0.00324
0.00485333333333
0.00514666666667
0.00313333333333
0.00370666666667
0.00434666666667
0.00232
0.00265333333333
0.0028
0.00370666666667
0.00309333333333
0.00312
0.00297333333333
0.00216
0.00384
0.00357333333333
0.00386666666667
0.00318666666667
0.00264
0.00337333333333
0.00281333333333
0.0227866666667
0.00297333333333
0.00274666666667
0.00354666666667
0.00517333333333
0.00333333333333
0.00257333333333
0.00484
0.00293333333333
0.0372666666667
0.00376
0.00474666666667
0.0294933333333
0.00364
0.00445333333333
0.00382666666667
0.00294666666667
0.00485333333333
0.0032
0.00429333333333
0.00433333333333
0.00504
0.00324
0.00438666666667
0.00265333333333
0.00290666666667
0.00370666666667
0.00328
0.00310666666667
0.00244
0.00468
0.00348
0.00577333333333
0.00436
0.00372
0.003
0.00301333333333
0.00236
0.00242666666667
0.00236
0.00254666666667
0.00288
0.00385333333333
0.00354666666667
0.00346666666667
0.00334666666667
0.00494666666667
0.00252
0.00338666666667
0.00468
0.00402666666667
0.00296
0.00225333333333
0.00278666666667
0.00285333333333
0.00406666666667
0.00416
0.00288
0.00325333333333
0.00405333333333
0.00432
0.00481333333333
0.00317333333333
0.00476
0.00453333333333
0.00213333333333
0.00253333333333
0.00304
0.00250666666667
0.00286666666667
0.00365333333333
0.00266666666667
0.00346666666667
0.0278133333333
0.00478666666667
0.00254666666667
0.00434666666667
0.00388
0.00302666666667
0.00313333333333
0.00482666666667
0.00449333333333
0.00244
0.00256
0.00285333333333
0.00366666666667
0.00532
0.00384
0.00268
0.00433333333333
0.00544
0.00249333333333
0.00313333333333
0.00477333333333
0.00430666666667
0.00341333333333
0.00588
0.00392
0.00333333333333
0.00445333333333
0.00536
0.00309333333333
0.00453333333333
0.00470666666667
0.00284
0.0280133333333
0.00394666666667
0.00248
0.00469333333333
0.00446666666667
0.00422666666667
0.0042
0.00392
0.0034
0.00332
0.00412
0.00305333333333
0.00377333333333
0.0230266666667
0.00233333333333
0.0328266666667
0.000853333333333
0.02568
0.0272
0.0209333333333
0.0207333333333
0.00113333333333
0.00064
0.00104
0.0333866666667
0.0280933333333
0.0208533333333
0.000986666666667
0.0280533333333
0.00104
0.02576
0.0207733333333
0.00076
0.03432
0.00122666666667
0.0208666666667
0.0256266666667
0.000893333333333
0.02676
0.0208
0.0207733333333
0.0208533